TF	T074382_1.02
TF Name	CGBP
Gene	BAD93120.1
Motif	M0603_1.02
Family	CxxC
Species	Homo_sapiens
Pos	A	C	G	T
1	0.240570666060239	0.247897133576735	0.242988441449284	0.268543758913741
2	0.23133802477512	0.263454308750377	0.205178421966992	0.300029244507511
3	0.339484784874262	0.227563456640686	0.214311192606207	0.218640565878846
4	0.123203381785063	0.315398367995023	0.377600402452445	0.183797847767469
5	0.000637744660746945	0.982580923020824	1.4161444262406e-06	0.0167799161740027
6	0.0227505089476054	2.91467319953994e-05	0.977098548894992	0.000121795425406966
7	0.165154468380437	0.132539565447725	0.453448275942567	0.248857690229271


TF	T074507_1.02
TF Name	DNMT1
Gene	ENSG00000130816
Motif	M0609_1.02
Family	CxxC
Species	Homo_sapiens
Pos	A	C	G	T
1	0.182277824315322	0.30967768484628	0.201448150439994	0.306596340398404
2	0.238025606563967	0.276546300345181	0.265702764810092	0.21972532828076
3	0.047012221421977	0.773099374843457	0.139827231243242	0.0400611724913244
4	0.000165733971972056	0.790470742010368	0.209061537031497	0.000301986986163079
5	6.12657221051363e-05	0.00019739770557788	0.999709986376788	3.1350195529032e-05
6	0.209396033304964	0.434513647981449	0.16471675380118	0.191373564912408
7	0.20159143178603	0.248698926460872	0.274854820876549	0.274854820876549
8	0.252447624332388	0.230719756528512	0.344193430999764	0.172639188139337
9	0.202629378988891	0.305325552025694	0.268104972182946	0.223940096802469
10	0.187900154060488	0.297647745800552	0.2803140904991	0.234138009639859


TF	T074503_1.02
TF Name	KDM2B
Gene	ENSG00000089094
Motif	M0607_1.02
Family	CxxC
Species	Homo_sapiens
Pos	A	C	G	T
1	0.24501904007973	0.247481522370916	0.255018456795537	0.252480980753817
2	0.00697754777704741	0.831056292221026	0.000757825246132793	0.161208334755793
3	0.1355939368026	0.0451353006947547	0.699009728855047	0.120261033647598
4	0.2072886952495	0.2072886952495	0.211476204665223	0.373946404835777
5	0.438799934592999	0.133492270801096	0.203170104117089	0.224537690488817
6	0.346190892152791	0.209975390221667	0.21637009287148	0.227463624754062
7	0.27074946920337	0.247446383304352	0.221670916823826	0.260133230668452
8	0.274484009268276	0.231572501344608	0.205386384028406	0.28855710535871
9	0.28155371064654	0.235173427422512	0.225952145438332	0.257320716492616


TF	T074506_1.02
TF Name	MLL
Gene	ENSG00000118058
Motif	M0608_1.02
Family	CxxC
Species	Homo_sapiens
Pos	A	C	G	T
1	0.255050330482161	0.19084487020802	0.321006348464896	0.233098450844923
2	0.295042739873179	0.239156996837561	0.307083662505173	0.158716600784087
3	0.232323182872942	0.272633780677449	0.329682289581403	0.165360746868205
4	0.27550585431845	0.167102747588572	0.440807767071921	0.116583631021057
5	0.166251364842204	0.276856933995613	0.388969482325628	0.167922218836555
6	0.00850851037233754	0.90783884747555	0.0641399158662335	0.0195127262858789
7	0.0564700482816547	0.0142066530412241	0.928629996699509	0.000693301977611714
8	0.265416321964123	0.194668793487023	0.228445945393709	0.311468939155145
9	0.411622152558719	0.114446312128898	0.254704951723475	0.219226583588908
10	0.348510929388558	0.224453731688444	0.211382563936954	0.215652774986043


TF	T074508_1.02
TF Name	TET1
Gene	ENSG00000138336
Motif	M0610_1.02
Family	CxxC
Species	Homo_sapiens
Pos	A	C	G	T
1	0.280308501498238	0.224952841689387	0.222714523516357	0.272024133296018
2	0.246700732275825	0.234668995588619	0.208132728055653	0.310497544079903
3	0.176211400112021	0.437765951870309	0.120504176407622	0.265518471610047
4	0.354307265572167	0.157616445032732	0.372472987528898	0.115603301866202
5	0.0022817062887905	0.997172260950155	8.80750573327715e-11	0.000546032672979113
6	0.0617278853842248	0.000620478565227795	0.909355202321532	0.0282964337290158
7	0.167483940918329	0.337271239442242	0.111150759291962	0.384094060347467
8	0.254196498902389	0.168697570092028	0.170393008857858	0.406712922147725
9	0.315979915215394	0.266581137225989	0.213936373814019	0.203502573744598


TF	T075123_1.02
TF Name	DMRT1
Gene	ENSG00000137090
Motif	M0630_1.02
Family	DM
Species	Homo_sapiens
Pos	A	C	G	T
1	0.471736852467677	0.142084409537738	0.127284064159722	0.258894673834864
2	0.433335513468071	0.119284606158942	0.135844695184519	0.311535185188468
3	0.263167192024622	0.0629782571085359	0.0581362586046153	0.615718292262227
4	0.118099116235732	0.0430139396110137	0.736216504857972	0.102670439295282
5	0.0507380251095841	0.0407182189234463	0.0313958472733985	0.877147908693571
6	0.522994006584039	0.0420798921200217	0.101450399543152	0.333475701752788
7	0.302427121523353	0.0475527836195753	0.265559873601943	0.384460221255128
8	0.105680948756584	0.672111760859227	0.0737310960686767	0.148476194315512
9	0.32226276984372	0.195462250410636	0.241137489872822	0.241137489872822
10	0.458630009928306	0.126247442008928	0.182772791797606	0.23234975626516


TF	T075123_1.02
TF Name	DMRT1
Gene	ENSG00000137090
Motif	M0631_1.02
Family	DM
Species	Homo_sapiens
Pos	A	C	G	T
1	0.000830564784053156	0.000830564784053156	0.000830564784053156	0.997508305647841
2	0.143162393162393	0.000712250712250712	0.855413105413105	0.000712250712250712
3	0.000712250712250712	0.000712250712250712	0.000712250712250712	0.997863247863248
4	0.855413105413105	0.000712250712250712	0.000712250712250712	0.143162393162393
5	0.0719373219373219	0.000712250712250712	0.143162393162393	0.784188034188034
6	0.0719373219373219	0.855413105413105	0.000712250712250712	0.0719373219373219
7	0.816123188405797	0.000905797101449275	0.0914855072463768	0.0914855072463768
8	0.775442477876106	0.00110619469026549	0.00110619469026549	0.222345132743363


TF	T075123_1.02
TF Name	DMRT1
Gene	ENSG00000137090
Motif	M3117_1.02
Family	DM
Species	Homo_sapiens
Pos	A	C	G	T


TF	T075127_1.02
TF Name	DMRT2
Gene	ENSG00000173253
Motif	M0633_1.02
Family	DM
Species	Homo_sapiens
Pos	A	C	G	T
1	0.152291108963451	0.152291108963451	0.246263395051541	0.449154394727564
2	0.76527432878299	0.0480251759990984	0.0480251759990984	0.138675326924819
3	0.999535658661145	0.000154783014953959	0.000154783014953959	0.000154783014953959
4	0.000154783014953959	0.000154783014953959	0.000154783014953959	0.999535658661145
5	0.129788447659147	0.000154783014953959	0.489011922610138	0.381044854421767
6	0.000154783014953959	0.000154783014953959	0.000154783014953959	0.999535658661145
7	0.908885507735424	0.000154783014953959	0.000154783014953959	0.0908049339406748
8	0.0917957017874123	0.000154783014953959	0.000154783014953959	0.907894739888687
9	0.279386547707238	0.195481995328158	0.0978636759780048	0.427267788692605
10	0.393611180878934	0.202129608942357	0.202129608942357	0.202129608942357


TF	T075127_1.02
TF Name	DMRT2
Gene	ENSG00000173253
Motif	M3118_1.02
Family	DM
Species	Homo_sapiens
Pos	A	C	G	T


TF	T075122_1.02
TF Name	DMRT3
Gene	ENSG00000064218
Motif	M0629_1.02
Family	DM
Species	Homo_sapiens
Pos	A	C	G	T
1	0.452849254768435	0.24001828197836	0.15356623312428	0.15356623312428
2	0.538650198862112	0.122796243725559	0.122796243725559	0.215757316682126
3	0.105897809734084	0.0217643485631235	0.0217643485631235	0.850573496135025
4	0.000170400139400946	0.000170400139400946	0.999488802577154	0.000170400139400946
5	0.000170400139400946	0.000170400139400946	0.000170400139400946	0.999488802577154
6	0.999488802577154	0.000170400139400946	0.000170400139400946	0.000170400139400946
7	0.201683379747753	0.000170400139400946	0.104063212772499	0.694083010335702
8	0.000170400139400946	0.999488802577154	0.000170400139400946	0.000170400139400946
9	0.618480621242565	0.188311046224872	0.0966041677639596	0.0966041677639596
10	0.509325624855529	0.12737415716268	0.12737415716268	0.235926063814467
11	0.228406052325117	0.228406052325117	0.228406052325117	0.314781846020007


TF	T075122_1.02
TF Name	DMRT3
Gene	ENSG00000064218
Motif	M3119_1.02
Family	DM
Species	Homo_sapiens
Pos	A	C	G	T


TF	T075125_1.02
TF Name	DMRTA2
Gene	ENSG00000142700
Motif	M0632_1.02
Family	DM
Species	Homo_sapiens
Pos	A	C	G	T
1	0.391935910029219	0.183295266683767	0.148576255540034	0.27619256774698
2	0.378242360796461	0.182278394123227	0.150736782945567	0.288742462134745
3	0.278003053241626	0.143686249076716	0.0916183974192147	0.486692300262442
4	0.161591548759278	0.0786550509122077	0.558397931567484	0.201355468761031
5	0.131885278308039	0.106904128875682	0.107978533232687	0.653232059583592
6	0.417906760796453	0.0980285093003736	0.168217594633853	0.315847135269321
7	0.288677241480726	0.108343772731453	0.224822061729574	0.378156924058246
8	0.189158538712946	0.451504569024389	0.137357290748095	0.22197960151457
9	0.33025475012816	0.192455378492944	0.235065530106102	0.242224341272793
10	0.345462627708472	0.19342396098231	0.222490514383874	0.238622896925343


TF	T076673_1.02
TF Name	E2F2
Gene	ENSG00000007968
Motif	M0668_1.02
Family	E2F
Species	Homo_sapiens
Pos	A	C	G	T
1	0.346799252257928	0.103603726167517	0.138643704253581	0.410953218318486
2	0.20843247994127	0.132990163703385	0.306204734316648	0.352372589014057
3	0.0923505850102394	0.261348316036824	0.544970116563658	0.101331248141368
4	0.000130555791794054	0.118741679229337	0.881127914220435	1.16846676120547e-11
5	1.10126926524544e-05	0.999975000624984	1.43111435270055e-05	1.20473955184698e-11
6	1.20473955184698e-11	1.43111435270055e-05	0.999975000624984	1.10126926524544e-05
7	1.16846676120547e-11	0.881127914220435	0.118741679229337	0.000130555791794054
8	0.101331248141368	0.544970116563658	0.261348316036824	0.0923505850102394
9	0.352372589014057	0.306204734316648	0.132990163703385	0.20843247994127
10	0.410953218318486	0.138643704253581	0.103603726167517	0.346799252257928


TF	T076673_1.02
TF Name	E2F2
Gene	ENSG00000007968
Motif	M5354_1.02
Family	E2F
Species	Homo_sapiens
Pos	A	C	G	T
1	0.675977653631285	0.128491620111732	0.100558659217877	0.0949720670391061
2	0.820359281437126	0.00598802395209581	0.131736526946108	0.0419161676646707
3	0.917197452229299	0.0	0.0	0.0828025477707006
4	0.947019867549669	0.00662251655629139	0.0	0.0463576158940397
5	0.838323353293413	0.0119760479041916	0.0538922155688623	0.0958083832335329
6	0.191964285714286	0.0	0.0982142857142857	0.709821428571429
7	0.0	0.0208333333333333	0.954166666666667	0.025
8	0.0	0.0	1.0	0.0
9	0.0	0.991379310344828	0.0	0.00862068965517241
10	0.0	0.0	1.0	0.0
11	0.0	1.0	0.0	0.0
12	0.0	1.0	0.0	0.0
13	0.979310344827586	0.0137931034482759	0.0	0.00689655172413793
14	0.97972972972973	0.0	0.0	0.0202702702702703
15	0.934640522875817	0.0065359477124183	0.0	0.0588235294117647
16	0.752873563218391	0.0114942528735632	0.0	0.235632183908046
17	0.324503311258278	0.152317880794702	0.0	0.52317880794702
18	0.25	0.0531914893617021	0.542553191489362	0.154255319148936


TF	T076673_1.02
TF Name	E2F2
Gene	ENSG00000007968
Motif	M5355_1.02
Family	E2F
Species	Homo_sapiens
Pos	A	C	G	T
1	0.134969325153374	0.460122699386503	0.190184049079755	0.214723926380368
2	0.506756756756757	0.0472972972972973	0.168918918918919	0.277027027027027
3	0.0620689655172414	0.0137931034482759	0.00689655172413793	0.917241379310345
4	0.0563380281690141	0.0	0.00704225352112676	0.936619718309859
5	0.028169014084507	0.0	0.0140845070422535	0.957746478873239
6	0.013986013986014	0.013986013986014	0.027972027972028	0.944055944055944
7	0.00917431192660551	0.0275229357798165	0.963302752293578	0.0
8	0.0	0.0	1.0	0.0
9	0.0	1.0	0.0	0.0
10	0.0	0.0	1.0	0.0
11	0.0	1.0	0.0	0.0
12	0.0	0.98695652173913	0.00869565217391304	0.00434782608695652
13	0.934782608695652	0.0326086956521739	0.00543478260869565	0.0271739130434783
14	0.901639344262295	0.0109289617486339	0.0109289617486339	0.0765027322404372
15	0.909574468085106	0.0159574468085106	0.0159574468085106	0.0585106382978723
16	0.878306878306878	0.0	0.0	0.121693121693122
17	0.240506329113924	0.284810126582278	0.10126582278481	0.373417721518987
18	0.0680272108843537	0.272108843537415	0.210884353741497	0.448979591836735


TF	T076673_1.02
TF Name	E2F2
Gene	ENSG00000007968
Motif	M5356_1.02
Family	E2F
Species	Homo_sapiens
Pos	A	C	G	T
1	0.930232558139535	0.0	0.0	0.0697674418604651
2	0.953488372093023	0.0	0.0	0.0465116279069767
3	0.976190476190476	0.0	0.0	0.0238095238095238
4	0.666666666666667	0.0196078431372549	0.0588235294117647	0.254901960784314
5	0.236111111111111	0.0138888888888889	0.111111111111111	0.638888888888889
6	0.0	0.0789473684210526	0.894736842105263	0.0263157894736842
7	0.0	0.0	1.0	0.0
8	0.0	1.0	0.0	0.0
9	0.0	0.0	1.0	0.0
10	0.0	1.0	0.0	0.0
11	0.0	0.911764705882353	0.0882352941176471	0.0
12	0.765957446808511	0.0638297872340425	0.0	0.170212765957447
13	0.306451612903226	0.0161290322580645	0.0	0.67741935483871
14	0.15	0.0	0.0	0.85
15	0.0188679245283019	0.0	0.0	0.981132075471698
16	0.18	0.06	0.02	0.74


TF	T076673_1.02
TF Name	E2F2
Gene	ENSG00000007968
Motif	M6191_1.02
Family	E2F
Species	Homo_sapiens
Pos	A	C	G	T
1	0.15530303030303	0.140151515151515	0.685606060606061	0.0189393939393939
2	0.0	0.0	1.0	0.0
3	0.0	0.787878787878788	0.212121212121212	0.0
4	0.0	0.0	1.0	0.0
5	0.0	0.787878787878788	0.136363636363636	0.0757575757575758
6	0.0	0.0378787878787879	0.962121212121212	0.0
7	0.666666666666667	0.196969696969697	0.136363636363636	0.0
8	0.878787878787879	0.121212121212121	0.0	0.0
9	0.666666666666667	0.0	0.0757575757575758	0.257575757575758
10	0.0416666666666667	0.738636363636364	0.0416666666666667	0.178030303030303


TF	T081610_1.02
TF Name	FOXG1
Gene	ENSG00000176165
Motif	M0719_1.02
Family	Forkhead
Species	Homo_sapiens
Pos	A	C	G	T
1	0.374378109452736	0.00124378109452736	0.623134328358209	0.00124378109452736
2	0.00110619469026549	0.00110619469026549	0.00110619469026549	0.996681415929204
3	0.996681415929204	0.00110619469026549	0.00110619469026549	0.00110619469026549
4	0.996681415929204	0.00110619469026549	0.00110619469026549	0.00110619469026549
5	0.996681415929204	0.00110619469026549	0.00110619469026549	0.00110619469026549
6	0.00110619469026549	0.996681415929204	0.00110619469026549	0.00110619469026549
7	0.996681415929204	0.00110619469026549	0.00110619469026549	0.00110619469026549
8	0.498344370860927	0.167218543046358	0.00165562913907285	0.332781456953642


TF	T081610_1.02
TF Name	FOXG1
Gene	ENSG00000176165
Motif	M5449_1.02
Family	Forkhead
Species	Homo_sapiens
Pos	A	C	G	T
1	0.576732673267327	0.0	0.418316831683168	0.00495049504950495
2	0.009375	0.028125	0.0	0.9625
3	0.980237154150198	0.0197628458498024	0.0	0.0
4	1.0	0.0	0.0	0.0
5	0.992	0.0	0.0	0.008
6	0.0	0.978947368421053	0.0	0.0210526315789474
7	1.0	0.0	0.0	0.0
8	0.99203187250996	0.0	0.00796812749003984	0.0
9	0.0476190476190476	0.112244897959184	0.0782312925170068	0.761904761904762
10	0.32741116751269	0.0050761421319797	0.284263959390863	0.383248730964467
11	0.0407725321888412	0.0	0.959227467811159	0.0
12	0.00638977635782748	0.0	0.0	0.993610223642173
13	1.0	0.0	0.0	0.0
14	1.0	0.0	0.0	0.0
15	1.0	0.0	0.0	0.0
16	0.0	1.0	0.0	0.0
17	0.992424242424242	0.00378787878787879	0.0	0.00378787878787879


TF	T081610_1.02
TF Name	FOXG1
Gene	ENSG00000176165
Motif	M5450_1.02
Family	Forkhead
Species	Homo_sapiens
Pos	A	C	G	T
1	0.483069977426637	0.0733634311512415	0.396162528216704	0.0474040632054176
2	0.03886925795053	0.765017667844523	0.00706713780918728	0.18904593639576
3	0.0123367198838897	0.0	0.977503628447025	0.0101596516690856
4	0.00739644970414201	0.0	0.992603550295858	0.0
5	0.97432239657632	0.0114122681883024	0.014265335235378	0.0
6	0.0	0.976793248945148	0.0	0.0232067510548523
7	0.989971346704871	0.00573065902578797	0.00429799426934097	0.0
8	0.00421940928270042	0.970464135021097	0.0147679324894515	0.0105485232067511
9	0.959016393442623	0.0177595628415301	0.0191256830601093	0.00409836065573771
10	0.974468085106383	0.0	0.0099290780141844	0.0156028368794326
11	0.0108813928182807	0.0	0.0402611534276387	0.94885745375408
12	0.332099907493062	0.0101757631822387	0.562442183163737	0.0952821461609621


TF	T081604_1.02
TF Name	FOXK1
Gene	ENSG00000164916
Motif	M0718_1.02
Family	Forkhead
Species	Homo_sapiens
Pos	A	C	G	T
1	0.364426806409859	0.172143034292045	0.259388185636585	0.204041973661511
2	0.192073068208663	0.241743165545219	0.201920864998323	0.364262901247796
3	0.281318720546482	0.128958192608188	0.507495712849837	0.0822273739954925
4	0.241794240457951	0.11421551185222	0.116522818243083	0.527467429446745
5	0.557937163705552	0.300139193774176	0.0506149175759816	0.0913087249442906
6	0.66265633935056	0.16671012306854	0.0458904261360631	0.124743111444836
7	0.823561708702266	0.0526485386335275	0.065604118888232	0.0581856337759742
8	0.0582799192013189	0.682155470533362	0.0184535653391616	0.241111044926157
9	0.76455401120575	0.0540166683660767	0.0789877417192244	0.102441578708949
10	0.403725500802647	0.208666063881435	0.159291394338334	0.228317040977584


TF	T081604_1.02
TF Name	FOXK1
Gene	ENSG00000164916
Motif	M5459_1.02
Family	Forkhead
Species	Homo_sapiens
Pos	A	C	G	T
1	0.0117873466442146	0.952128939138802	0.0233341351936493	0.0127495790233341
2	0.0083674559373331	0.00605305323126224	0.985579490831405	0.0
3	0.00110031175499725	0.0122868145974693	0.953970291582615	0.0326425820649184
4	0.999016070842899	0.0	0.000983929157100689	0.0
5	0.0	1.0	0.0	0.0
6	0.999360613810742	0.0	0.000639386189258312	0.0
7	0.0	0.983529411764706	0.00676470588235294	0.00970588235294118
8	0.976548406494287	0.00450992182802165	0.00691521346963319	0.0120264582080577
9	0.987750224081267	0.0	0.00179265013444876	0.0104571257842844
10	0.0321644498186215	0.0026602176541717	0.052962515114873	0.912212817412334


TF	T081591_1.02
TF Name	FOXP1
Gene	ENSG00000114861
Motif	M0717_1.02
Family	Forkhead
Species	Homo_sapiens
Pos	A	C	G	T
1	0.294014084507042	0.000586854460093897	0.70481220657277	0.000586854460093897
2	0.0480038022813688	0.000475285171102662	0.000475285171102662	0.951045627376426
3	0.90351711026616	0.095532319391635	0.000475285171102662	0.000475285171102662
4	0.951045627376426	0.000475285171102662	0.000475285171102662	0.0480038022813688
5	0.998574144486692	0.000475285171102662	0.000475285171102662	0.000475285171102662
6	0.000475285171102662	0.90351711026616	0.000475285171102662	0.095532319391635
7	0.998574144486692	0.000475285171102662	0.000475285171102662	0.000475285171102662
8	0.690950920245399	0.0774539877300614	0.0774539877300614	0.154141104294479


TF	T081591_1.02
TF Name	FOXP1
Gene	ENSG00000114861
Motif	M2283_1.02
Family	Forkhead
Species	Homo_sapiens
Pos	A	C	G	T
1	0.33118971061093	0.34726688102894	0.15434083601286	0.16720257234727
2	0.42122186495177	0.18327974276527	0.17684887459807	0.21864951768489
3	0.4983922829582	0.12540192926045	0.12861736334405	0.2475884244373
4	0.57877813504823	0.13504823151125	0.17041800643087	0.11575562700965
5	0.443729903536981	0.019292604501608	0.282958199356911	0.254019292604501
6	0.254019292604502	0.0353697749196142	0.710610932475884	0.0
7	0.228295819935691	0.0128617363344051	0.0	0.758842443729904
8	1.0	0.0	0.0	0.0
9	1.0	0.0	0.0	0.0
10	1.0	0.0	0.0	0.0
11	0.0514469453376209	0.893890675241157	0.0321543408360129	0.0225080385852089
12	1.0	0.0	0.0	0.0
13	0.565916398713829	0.2475884244373	0.18327974276527	0.0032154340836013
14	0.781350482315112	0.0578778135048231	0.0739549839228301	0.0868167202572352
15	0.32797427652733	0.13504823151125	0.41479099678457	0.12218649517685


TF	T081591_1.02
TF Name	FOXP1
Gene	ENSG00000114861
Motif	M3284_1.02
Family	Forkhead
Species	Homo_sapiens
Pos	A	C	G	T


TF	T086746_1.02
TF Name	GCM1
Gene	ENSG00000137270
Motif	M0810_1.02
Family	GCM
Species	Homo_sapiens
Pos	A	C	G	T
1	0.175114314664438	0.288714695366955	0.322285883051359	0.213885106917248
2	0.454086747649761	0.214495391659864	0.269963902062446	0.0614539586279286
3	0.095733787787364	0.126668228663457	0.07021565526414	0.707382328285038
4	0.288148286927182	0.156565622140341	0.509523121651364	0.0457629692811133
5	0.133723668322428	0.526249531011778	0.207633705074621	0.132393095591172
6	0.0936496884730536	0.0736674541360929	0.678280624023927	0.154402233366927
7	0.0172205100043748	0.0232452570991784	0.921590622699565	0.037943610196882
8	0.0231573477184859	0.016648366879083	0.92733244474558	0.0328618406568511
9	0.134409713010307	0.340662651132104	0.133072314020353	0.391855321837235


TF	T086746_1.02
TF Name	GCM1
Gene	ENSG00000137270
Motif	M3336_1.02
Family	GCM
Species	Homo_sapiens
Pos	A	C	G	T


TF	T086746_1.02
TF Name	GCM1
Gene	ENSG00000137270
Motif	M3338_1.02
Family	GCM
Species	Homo_sapiens
Pos	A	C	G	T


TF	T086746_1.02
TF Name	GCM1
Gene	ENSG00000137270
Motif	M5484_1.02
Family	GCM
Species	Homo_sapiens
Pos	A	C	G	T
1	0.124324324324324	0.339382239382239	0.240540540540541	0.295752895752896
2	0.819879708768598	0.0313390313390313	0.13073757518202	0.0180436847103514
3	0.00229885057471264	0.00114942528735632	0.00421455938697318	0.992337164750958
4	0.144444444444444	0.00849673202614379	0.84640522875817	0.00065359477124183
5	0.036593707250342	0.885772913816689	0.0434336525307798	0.0341997264021888
6	0.0296904611497157	0.00126342387871131	0.818066961465572	0.150979153506001
7	0.0	0.0	0.999614048629873	0.000385951370127364
8	0.000771307365985345	0.000385653682992673	0.998843038951022	0.0
9	0.00959692898272553	0.157069737683941	0.00479846449136276	0.828534868841971
10	0.567360350492881	0.107776560788609	0.200438116100767	0.124424972617744


TF	T086746_1.02
TF Name	GCM1
Gene	ENSG00000137270
Motif	M5485_1.02
Family	GCM
Species	Homo_sapiens
Pos	A	C	G	T
1	0.611402588317594	0.111577474641483	0.242392444910808	0.0346274921301154
2	0.0266264068075762	0.110074114740598	0.0307438923963766	0.832555586055449
3	0.450731707317073	0.0315447154471545	0.511219512195122	0.00650406504065041
4	0.139690871974337	0.63021289005541	0.0437445319335083	0.186351706036745
5	0.0809476801579467	0.00987166831194472	0.536031589338598	0.37314906219151
6	0.00291970802919708	0.00218978102189781	0.97956204379562	0.0153284671532847
7	0.000740466493891151	0.00703443169196594	0.990744168826361	0.0014809329877823
8	0.000360880548538434	0.253699025622519	0.0194875496210754	0.726452544207867
9	0.583155194527576	0.00513039760581445	0.408294142796067	0.00342026507054297
10	0.0130103185284881	0.969941677882459	0.0152534768954688	0.00179452669358457
11	0.00459558823529412	0.980238970588235	0.00919117647058824	0.00597426470588235
12	0.360284769895754	0.508517670989067	0.0099160945842868	0.121281464530892
13	0.0441097364174287	0.0414201183431953	0.725927918235611	0.188542227003765
14	0.0115769712140175	0.688986232790989	0.02909887359199	0.270337922403004
15	0.774579439252336	0.116261682242991	0.0183177570093458	0.0908411214953271
16	0.180739706908583	0.213189113747383	0.183356594556874	0.42271458478716


TF	T086746_1.02
TF Name	GCM1
Gene	ENSG00000137270
Motif	M5486_1.02
Family	GCM
Species	Homo_sapiens
Pos	A	C	G	T
1	0.117636083772564	0.398945846354774	0.240403003871449	0.243015066001213
2	0.779005123360343	0.0658042949020748	0.145706914719669	0.00948366701791359
3	0.00736842105263158	0.00704805491990847	0.00439359267734554	0.981189931350114
4	0.167477681137208	0.010498486532051	0.821449097666577	0.000574734664163378
5	0.0419369689867325	0.897292093918721	0.0239400661281547	0.0368308709663918
6	0.02275600505689	0.00976899206987702	0.821323219553308	0.146151783319925
7	0.0	0.000186237079802589	0.998184188471925	0.00162957444827265
8	0.0	0.000838496296641357	0.998695672427447	0.000465831275911865
9	0.00546325400389163	0.186798383475528	0.00550067355186349	0.802237688968717
10	0.624515715575752	0.0846223309738122	0.232194354627283	0.0586675988231524
11	0.0368020896497038	0.625588880078362	0.2252437147255	0.112365315546434


TF	T086746_1.02
TF Name	GCM1
Gene	ENSG00000137270
Motif	M6259_1.02
Family	GCM
Species	Homo_sapiens
Pos	A	C	G	T
1	0.314814814814815	0.351851851851852	0.0833333333333333	0.25
2	0.435185185185185	0.0833333333333333	0.0648148148148148	0.416666666666667
3	0.25	0.342592592592593	0.240740740740741	0.166666666666667
4	0.824074074074074	0.175925925925926	0.0	0.0
5	0.0	0.0	0.0	1.0
6	0.0	0.0	1.0	0.0
7	0.175925925925926	0.657407407407407	0.0	0.166666666666667
8	0.0	0.0925925925925926	0.583333333333333	0.324074074074074
9	0.0	0.0	1.0	0.0
10	0.0	0.0	1.0	0.0
11	0.0833333333333333	0.333333333333333	0.0648148148148148	0.518518518518518
12	0.398148148148148	0.259259259259259	0.166666666666667	0.175925925925926
13	0.0833333333333333	0.324074074074074	0.259259259259259	0.333333333333333
14	0.0833333333333333	0.185185185185185	0.333333333333333	0.398148148148148


TF	T093430_1.02
TF Name	AC226150.2
Gene	ENSG00000227059
Motif	M0901_1.02
Family	Homeodomain
Species	Homo_sapiens
Pos	A	C	G	T
1	0.000169376693766938	0.762364498644986	0.0171070460704607	0.220359078590786
2	0.355207785376118	0.0790373487638085	0.0395844292477643	0.526170436612309
3	0.0117387261738726	0.0117387261738726	0.139586238958624	0.836936308693631
4	0.116341236634124	0.000116225011622501	0.883426313342631	0.000116225011622501
5	0.000116225011622501	0.000116225011622501	0.000116225011622501	0.999651324965133
6	0.285697287006188	0.642670157068063	0.000118990956687292	0.0715135649690623
7	0.950271470878578	0.0124629812438302	0.000123395853899309	0.037142152023692
8	0.642576730906495	0.160778015703069	0.125089221984297	0.0715560314061385


TF	T093310_1.02
TF Name	EMX1
Gene	ENSG00000135638
Motif	M0892_1.02
Family	Homeodomain
Species	Homo_sapiens
Pos	A	C	G	T
1	0.278360185678654	0.30763558195699	0.270133398910951	0.143870833453405
2	0.130957609442052	0.40947411030498	0.130957609442052	0.328610670810917
3	0.0773097167607401	0.0780866923312834	0.00927961120587331	0.835323979702103
4	0.925285603434765	0.0179951531283861	0.0392559274577966	0.0174633159790522
5	0.972773536014093	0.00258610092724154	0.00434989326415021	0.020290469794515
6	0.0337149352397632	0.021283687227841	0.0217136462304804	0.923287731301915
7	0.0735691744147818	0.0450704180485816	0.298337713577079	0.583022693959557
8	0.71929918739733	0.0176066626098299	0.21664875192113	0.0464453980717107
9	0.170596801025928	0.357559893884688	0.323533571181296	0.148309733908088
10	0.162911329755056	0.348349422420043	0.209182288063058	0.279556959761843


TF	T093310_1.02
TF Name	EMX1
Gene	ENSG00000135638
Motif	M5386_1.02
Family	Homeodomain
Species	Homo_sapiens
Pos	A	C	G	T
1	0.190124250214224	0.237574978577549	0.397600685518423	0.174700085689803
2	0.118787489288775	0.383354755784062	0.247215081405313	0.250642673521851
3	0.0472545417432129	0.0	0.0	0.952745458256787
4	0.800325788751715	0.151063100137174	0.0174039780521262	0.0312071330589849
5	1.0	0.0	0.0	0.0
6	0.0429991144347142	0.0	0.038472891862639	0.918527993702647
7	0.0751141552511416	0.0227549467275495	0.191704718417047	0.710426179604262
8	0.641291230893001	0.00351971037811746	0.297566371681416	0.0576226870474658
9	0.231708623460096	0.244991965720407	0.362506695232994	0.160792715586502
10	0.15682913765399	0.306480985538297	0.257632565613283	0.27905731119443


TF	T093310_1.02
TF Name	EMX1
Gene	ENSG00000135638
Motif	M5387_1.02
Family	Homeodomain
Species	Homo_sapiens
Pos	A	C	G	T
1	0.0999462654486835	0.337990327780763	0.0451370231058571	0.516926383664696
2	0.613362541073384	0.257940854326397	0.0547645125958379	0.0739320920043812
3	0.903463940942646	0.0414537194775696	0.0159000567859171	0.0391822827938671
4	0.00720288115246098	0.0240096038415366	0.0138055222088836	0.954981992797119
5	0.0488888888888889	0.0505555555555556	0.0166666666666667	0.883888888888889
6	0.906036446469248	0.00854214123006834	0.0193621867881549	0.0660592255125285
7	0.367120524457892	0.145234493192133	0.435199193141704	0.0524457892082703
8	0.0789873417721519	0.526075949367089	0.115443037974684	0.279493670886076
9	0.103114930182599	0.0247046186895811	0.0177228786251343	0.854457572502685
10	0.929865575686733	0.0075978959672706	0.037989479836353	0.0245470485096435
11	0.973088685015291	0.00795107033639144	0.0140672782874618	0.00489296636085627
12	0.0583379196477711	0.0242157402311502	0.0418271876719868	0.875619152449092
13	0.106338397066527	0.0602409638554217	0.299633315872184	0.533787323205867
14	0.62366797532249	0.0353337072349972	0.268648345485137	0.0723499719573752


TF	T093248_1.02
TF Name	HOXA2
Gene	ENSG00000105996
Motif	M0887_1.02
Family	Homeodomain
Species	Homo_sapiens
Pos	A	C	G	T
1	0.230829472593885	0.276353052501249	0.240249802075239	0.252567672829627
2	0.231608571774245	0.269090769589893	0.248402088073546	0.250898570562317
3	0.162001410428669	0.234535049487209	0.14512639343088	0.458337146653242
4	0.508115740039861	0.051455083226003	0.26262029834511	0.177808878389026
5	0.517402943579587	0.208267218409098	0.105511711810881	0.168818126200434
6	0.19682451602415	0.250212998747981	0.0784383174000543	0.474524167827814
7	0.161489505472379	0.169769249469737	0.359401503902234	0.30933974115565
8	0.400483615304594	0.16120435651344	0.204930901237514	0.233381126944452
9	0.224564302694628	0.277040053274023	0.282636633590287	0.215759010441062


TF	T093248_1.02
TF Name	HOXA2
Gene	ENSG00000105996
Motif	M5538_1.02
Family	Homeodomain
Species	Homo_sapiens
Pos	A	C	G	T
1	0.16915201424438	0.227019808591142	0.421322056532384	0.182506120632094
2	0.123316638842515	0.316082359488036	0.317084028937117	0.243516972732332
3	0.0354168862654158	0.00326762938758301	0.014229998945926	0.947085485401075
4	0.864524198980083	0.0	0.119984605022611	0.0154911959973059
5	0.999332665999333	0.000667334000667334	0.0	0.0
6	0.00415779332724876	0.0497921103336376	0.0348849001115505	0.911165196227563
7	0.0207296006503404	0.0661518138400569	0.317853876638553	0.59526470887105
8	0.597943098808151	0.0493079584775086	0.265667051134179	0.0870818915801615
9	0.150790117961273	0.296349877587358	0.377698642332517	0.175161362118852
10	0.200422880035611	0.263743601157356	0.291453371911863	0.24438014689517


TF	T093335_1.02
TF Name	HOXB13
Gene	ENSG00000159184
Motif	M0897_1.02
Family	Homeodomain
Species	Homo_sapiens
Pos	A	C	G	T
1	0.244334887848819	0.167091200734759	0.216705605440504	0.371868305975918
2	0.119072591016616	0.0766870853731362	0.112138343142568	0.69210198046768
3	0.126395485530217	0.0847254276850354	0.0615232877324698	0.727355799052278
4	0.288239974202006	0.0850971357153639	0.0689783975905072	0.557684492492123
5	0.841219985593457	0.000408547620782824	0.107216826756049	0.0511546400297113
6	0.0610929992763579	0.341175593327719	0.0238646260666717	0.573866781329252
7	0.273556805393368	0.0648132007898532	0.33412303660966	0.327506957207119
8	0.376565149905835	0.079925190102198	0.391933065204717	0.15157659478725
9	0.146349624199416	0.246164114404842	0.40993493219473	0.197551329201012
10	0.219274334795316	0.273232646193319	0.26515740111929	0.242335617892074


TF	T093335_1.02
TF Name	HOXB13
Gene	ENSG00000159184
Motif	M5539_1.02
Family	Homeodomain
Species	Homo_sapiens
Pos	A	C	G	T
1	0.0741236285790741	0.744179823387744	0.138613861386139	0.0430826866470431
2	0.0322043309272626	0.772071071626874	0.00388672959466963	0.191837867851194
3	0.644645340751043	0.231803430690774	0.00278164116828929	0.120769587389893
4	0.944312393887946	0.00747028862478778	0.0129032258064516	0.0353140916808149
5	0.0	0.00251076040172166	0.0	0.997489239598278
6	0.887647622087456	0.00702202361953399	0.00829875518672199	0.0970315991062879
7	0.993924231593996	0.0	0.0	0.00607576840600429
8	0.966631908237748	0.0267639902676399	0.000347584289190129	0.00625651720542232
9	0.723465140478668	0.143080124869927	0.0437044745057232	0.0897502601456816
10	0.355267889248472	0.364617044228695	0.0690399137001079	0.211075152822726


TF	T093335_1.02
TF Name	HOXB13
Gene	ENSG00000159184
Motif	M5540_1.02
Family	Homeodomain
Species	Homo_sapiens
Pos	A	C	G	T
1	0.116191275167785	0.361157718120805	0.361577181208054	0.161073825503356
2	0.0459856765925368	0.89860535243121	0.05352431209951	0.00188465887674331
3	0.00355169692186267	0.05327545382794	0.00236779794790845	0.940805051302289
4	0.0287691187181355	0.868171886380189	0.00400582665695557	0.0990531682447196
5	0.203592814371257	0.000332667997338656	0.793080505655356	0.0029940119760479
6	0.000836120401337793	0.00250836120401338	0.0	0.996655518394649
7	0.84180790960452	0.00317796610169492	0.00211864406779661	0.152895480225989
8	0.990444536767761	0.0	0.0	0.0095554632322393
9	0.987163561076605	0.00455486542443064	0.00041407867494824	0.00786749482401656
10	0.669662921348315	0.13314606741573	0.0606741573033708	0.136516853932584
11	0.342281879194631	0.3125	0.0763422818791946	0.268875838926175


TF	T093317_1.02
TF Name	LBX1
Gene	ENSG00000138136
Motif	M0894_1.02
Family	Homeodomain
Species	Homo_sapiens
Pos	A	C	G	T
1	0.217447916666667	0.130642361111111	0.174045138888889	0.477864583333333
2	0.000243664717348928	0.0489766081871345	0.000243664717348928	0.950536062378168
3	0.999286393910561	0.000237868696479543	0.000237868696479543	0.000237868696479543
4	0.999286393910561	0.000237868696479543	0.000237868696479543	0.000237868696479543
5	0.000237868696479543	0.261893434823977	0.000237868696479543	0.737630827783064
6	0.142959086584206	0.000237868696479543	0.119172216936251	0.737630827783064
7	0.731237816764133	0.000243664717348928	0.26827485380117	0.000243664717348928
8	0.028824200913242	0.114440639269406	0.799372146118722	0.0573630136986301


TF	T093256_1.02
TF Name	LHX2
Gene	ENSG00000106689
Motif	M0889_1.02
Family	Homeodomain
Species	Homo_sapiens
Pos	A	C	G	T
1	0.220232382825172	0.271695858773774	0.222445755069534	0.285626003331519
2	0.291351224349093	0.229184990438137	0.263625489586101	0.21583829562667
3	0.194385912369972	0.333567559508519	0.204352291215509	0.267694236905999
4	0.106702258800836	0.252154583891138	0.0965481963535836	0.544594960954442
5	0.708899883798366	0.0121061587368563	0.207206174396126	0.0717877830686514
6	0.671736035392765	0.131612955376431	0.0276566293692108	0.168994379861593
7	0.144595875400228	0.20519131442877	0.0696820522939229	0.580530757877079
8	0.155780288049714	0.110879785911563	0.27000665436134	0.463333271677383
9	0.512218239727726	0.101367323316748	0.192241190435758	0.194173246519768
10	0.253879210289423	0.199708460167328	0.363892539831057	0.182519789712192


TF	T093256_1.02
TF Name	LHX2
Gene	ENSG00000106689
Motif	M3510_1.02
Family	Homeodomain
Species	Homo_sapiens
Pos	A	C	G	T


TF	T093256_1.02
TF Name	LHX2
Gene	ENSG00000106689
Motif	M5597_1.02
Family	Homeodomain
Species	Homo_sapiens
Pos	A	C	G	T
1	0.331281627594754	0.218506661158732	0.3210988330063	0.129112878240215
2	0.0561883180774621	0.721771668803483	0.0956051164316169	0.126434896687439
3	0.00974625854529778	0.243779639095892	0.00103159450637433	0.745442507852436
4	0.87369617786119	0.109900025264374	0.00519724257407875	0.0112065543003573
5	0.998700441437353	0.0	0.00129955856264697	0.0
6	0.0	0.0	0.0	1.0
7	0.00492133465075625	0.0212814471384054	0.0538496617770008	0.919947556433838
8	0.847972677117086	0.000402837376302653	0.142516857868465	0.00910762763814695
9	0.39747191011236	0.140759253139458	0.316403668208857	0.145365168539326
10	0.158070845812248	0.350160074357121	0.247113497882888	0.244655581947743


TF	T093256_1.02
TF Name	LHX2
Gene	ENSG00000106689
Motif	M5598_1.02
Family	Homeodomain
Species	Homo_sapiens
Pos	A	C	G	T
1	0.019409029976327	0.397778158067368	0.0202646815550041	0.562548130401301
2	0.772520013664246	0.150009654086649	0.0432057508651547	0.0342645813839505
3	0.93010752688172	0.0100659900177537	0.0408501658124812	0.0189763172880448
4	0.0189885229075301	0.015676028739386	0.0258467854810115	0.939488662872072
5	0.0268855760867907	0.0351557135663823	0.0208889634862749	0.917069746860552
6	0.816666666666667	0.0112060778727445	0.138857233301678	0.033270022158911
7	0.329209735082497	0.337451945371049	0.161448594635832	0.171889724910622
8	0.24168382273269	0.228126015819699	0.448640156029906	0.0815500054177051
9	0.0649197626768714	0.711500161621639	0.0924997132519316	0.131080362449558
10	0.0515559540556835	0.0563173435156987	0.00919813872957472	0.882928563699043
11	0.935907777105599	0.0279794313369631	0.0221986959736506	0.0139140955837871
12	0.975267391192022	0.00561478445083619	0.0122457415476826	0.00687208280945902
13	0.00970067872198441	0.0210940933283419	0.00773124562574261	0.961473982323931
14	0.0286354407337394	0.019477700763145	0.163102989568018	0.788783868935098
15	0.582396721607858	0.00501702473860246	0.394371289962937	0.0182149636906017


TF	T093256_1.02
TF Name	LHX2
Gene	ENSG00000106689
Motif	M6328_1.02
Family	Homeodomain
Species	Homo_sapiens
Pos	A	C	G	T
1	0.184426229508197	0.463114754098361	0.0368852459016393	0.315573770491803
2	0.459016393442623	0.114754098360656	0.295081967213115	0.131147540983607
3	0.147540983606557	0.426229508196721	0.278688524590164	0.147540983606557
4	0.311475409836066	0.0	0.278688524590164	0.40983606557377
5	0.147540983606557	0.0	0.0	0.852459016393443
6	0.147540983606557	0.0	0.278688524590164	0.573770491803279
7	0.0	0.442622950819672	0.0	0.557377049180328
8	1.0	0.0	0.0	0.0
9	1.0	0.0	0.0	0.0
10	0.0	0.0	0.0	1.0
11	0.295081967213115	0.0	0.114754098360656	0.59016393442623
12	0.704918032786885	0.0	0.295081967213115	0.0
13	0.0737704918032787	0.204918032786885	0.647540983606557	0.0737704918032787


TF	T093257_1.02
TF Name	LHX6
Gene	ENSG00000106852
Motif	M0890_1.02
Family	Homeodomain
Species	Homo_sapiens
Pos	A	C	G	T
1	0.18614832846091	0.280491611974508	0.291938691811686	0.241421367752896
2	0.114197473841455	0.349998607642227	0.0773181847197734	0.458485733796546
3	0.707705603132985	0.135914796449957	0.0731146087447219	0.083264991672336
4	0.863330313044317	0.0535597240200415	0.0509475854564313	0.03216237747921
5	0.0397885528816369	0.0570301032045727	0.0199569859505238	0.883224357963266
6	0.0631785437258287	0.605445617719867	0.056597496088973	0.274778342465331
7	0.673262587604786	0.0761066334538132	0.0911161830168827	0.159514595924518
8	0.327198656928845	0.185039164019396	0.28731164565887	0.200450533392889


TF	T093257_1.02
TF Name	LHX6
Gene	ENSG00000106852
Motif	M5599_1.02
Family	Homeodomain
Species	Homo_sapiens
Pos	A	C	G	T
1	0.418431726002704	0.173276250563317	0.348805768364128	0.0594862550698513
2	0.0918881361820393	0.523710265763418	0.137397950321348	0.247003647733194
3	0.0	0.0536130536130536	0.00593346047891502	0.940453485908031
4	0.884945164506481	0.0179461615154536	0.0971086739780658	0.0
5	0.99685534591195	0.00314465408805031	0.0	0.0
6	0.0	0.021533728850802	0.003295978905735	0.975170292243463
7	0.0	0.144201807228916	0.0203313253012048	0.83546686746988
8	0.947683109118087	0.0	0.0518898142216528	0.000427076660260517
9	0.316628701594533	0.120918754745634	0.525626423690205	0.0368261199696279
10	0.123506874013973	0.372774397115168	0.164074825332432	0.339643903538427


TF	T093257_1.02
TF Name	LHX6
Gene	ENSG00000106852
Motif	M5600_1.02
Family	Homeodomain
Species	Homo_sapiens
Pos	A	C	G	T
1	0.000661375661375661	0.279100529100529	0.00363756613756614	0.716600529100529
2	0.906885245901639	0.04	0.0481967213114754	0.00491803278688525
3	0.979884077736106	0.00170473917490624	0.0184111830889874	0.0
4	0.0	0.00107681263460158	0.00825556353194544	0.990667623833453
5	0.00361485376273414	0.473874465987512	0.00624383831744988	0.516266841932304
6	0.984175084175084	0.00202020202020202	0.0134680134680135	0.000336700336700337
7	0.4314825753101	0.0818074424099232	0.469875959834613	0.0168340224453633
8	0.023134122831176	0.609473974111815	0.110437895896447	0.256954007160562
9	0.371059013742926	0.0924279170035031	0.472918350848828	0.0635947184047427
10	0.0368977673325499	0.794829612220917	0.106227967097532	0.0620446533490012
11	0.0	0.0741758241758242	0.00137362637362637	0.924450549450549
12	0.941747572815534	0.00938511326860841	0.0488673139158576	0.0
13	0.99202657807309	0.00697674418604651	0.000996677740863787	0.0
14	0.00186846038863976	0.00186846038863976	0.00186846038863976	0.994394618834081
15	0.00718484650555193	0.133246244284781	0.0222077073807969	0.83736120182887
16	0.845448798988622	0.0015802781289507	0.148230088495575	0.00474083438685209


TF	T093257_1.02
TF Name	LHX6
Gene	ENSG00000106852
Motif	M5601_1.02
Family	Homeodomain
Species	Homo_sapiens
Pos	A	C	G	T
1	0.0069589422407794	0.00835073068893528	0.0173973556019485	0.967292971468337
2	0.416587677725119	0.0146919431279621	0.568720379146919	0.0
3	0.953795379537954	0.0	0.0462046204620462	0.0
4	0.00618429189857761	0.0766852195423624	0.0401978973407545	0.876932591218305
5	0.0	0.0459016393442623	0.0268852459016393	0.927213114754098
6	0.0567627494456763	0.01019955654102	0.933037694013304	0.0
7	0.00337837837837838	0.974099099099099	0.0101351351351351	0.0123873873873874
8	0.939435336976321	0.0359744990892532	0.0245901639344262	0.0
9	0.947249774571686	0.0279531109107304	0.0247971145175834	0.0
10	0.0	0.0523841504365346	0.0288784419073203	0.918737407656145
